phi = 0.100000;
L = 1.0;
NCells =1;
